,身高,头高,头宽,头围,瞳高,瞳距,肩宽
身高,1.0,0.292,0.219,0.296,0.328,0.154,0.323
头高,0.292,1.0,0.297,0.212,0.322,0.225,0.273
头宽,0.219,0.297,1.0,0.245,0.348,0.362,0.222
头围,0.296,0.212,0.245,1.0,0.21,0.07,0.237
瞳高,0.328,0.322,0.348,0.21,1.0,0.274,0.273
瞳距,0.154,0.225,0.362,0.07,0.274,1.0,0.132
肩宽,0.323,0.273,0.222,0.237,0.273,0.132,1.0
